
..................END............
N = 12     ..................START............
0
5
3
8
4
1
11
6
7
10
9
2
seconds 4.18986E-4



..................END............
N = 13     ..................START............
0
5
3
8
4
1
11
6
7
10
9
2
12
seconds 3.74613E-4



..................END............
N = 14     ..................START............
0
5
3
8
4
1
13
11
6
7
10
9
2
12
seconds 5.16693E-4



..................END............
N = 15     ..................START............
0
5
3
8
4
1
13
14
12
2
9
10
7
6
11
seconds 4.46293E-4



..................END............
N = 16     ..................START............
0
5
11
8
4
1
9
3
14
13
10
15
12
7
6
2
seconds 4.71893E-4



..................END............
N = 19     ..................START............
0
5
11
8
4
1
9
3
14
18
15
12
7
6
10
13
17
16
2
seconds 5.04319E-4



..................END............
N = 29     ..................START............
0
27
5
11
8
4
20
1
19
9
3
14
18
24
6
22
26
23
7
15
12
17
13
21
16
10
28
25
2
seconds 0.001074346



..................END............
